(0.0,0.5570175438596491)
(0.0,0.5657894736842105)
(0.0,0.5833333333333334)
(0.0,0.6008771929824561)
(0.0,0.6096491228070176)
(0.0,0.618421052631579)
(0.02617801047120419,0.7368421052631579)
(0.02617801047120419,0.7456140350877193)
(0.02617801047120419,0.7543859649122807)
(0.02617801047120419,0.7631578947368421)
(0.02617801047120419,0.7719298245614035)
(0.02617801047120419,0.7807017543859649)
(0.031413612565445025,0.7850877192982456)
(0.031413612565445025,0.793859649122807)
(0.031413612565445025,0.8026315789473685)
(0.03664921465968586,0.8114035087719298)
(0.03664921465968586,0.8201754385964912)
(0.03664921465968586,0.8289473684210527)
(0.03664921465968586,0.8377192982456141)
(0.03664921465968586,0.8464912280701754)
(0.041884816753926704,0.8508771929824561)
(0.04712041884816754,0.8552631578947368)
(0.04712041884816754,0.868421052631579)
(0.05235602094240838,0.881578947368421)
(0.05759162303664921,0.8859649122807017)
(0.06282722513089005,0.8903508771929824)
(0.07329842931937172,0.8903508771929824)
(0.07329842931937172,0.8991228070175439)
(0.07853403141361257,0.9035087719298246)
(0.07853403141361257,0.9122807017543859)
(0.07853403141361257,0.9210526315789473)
(0.07853403141361257,0.9298245614035088)
(0.08376963350785341,0.9342105263157895)
(0.08900523560209424,0.9385964912280702)
(0.09947643979057591,0.9385964912280702)
(0.10471204188481675,0.9429824561403509)
(0.10471204188481675,0.9473684210526315)
