(0.0,0.017543859649122806)
(0.0,0.03508771929824561)
(0.0,0.09649122807017543)
(0.0,0.12280701754385964)
(0.0,0.13157894736842105)
(0.0,0.20614035087719298)
(0.0,0.2149122807017544)
(0.0,0.2236842105263158)
(0.0,0.2412280701754386)
(0.0,0.2894736842105263)
(0.0,0.2982456140350877)
(0.0,0.31140350877192985)
(0.0,0.32456140350877194)
(0.0,0.35964912280701755)
(0.0,0.3684210526315789)
(0.0,0.37719298245614036)
(0.0,0.38596491228070173)
(0.0,0.39473684210526316)
(0.0,0.40789473684210525)
(0.0,0.42105263157894735)
(0.0,0.4298245614035088)
(0.0,0.44298245614035087)
(0.0,0.45614035087719296)
(0.0,0.4692982456140351)
(0.0,0.4780701754385965)
(0.0,0.4868421052631579)
(0.0,0.4956140350877193)
(0.0,0.5043859649122807)
(0.0,0.5131578947368421)
(0.0,0.5219298245614035)
(0.0,0.5350877192982456)
(0.0,0.543859649122807)
