(0.10471204188481675,0.956140350877193)
(0.1099476439790576,0.9605263157894737)
(0.11518324607329843,0.9649122807017544)
(0.1256544502617801,0.9649122807017544)
(0.13612565445026178,0.9649122807017544)
(0.13612565445026178,0.9736842105263158)
(0.14136125654450263,0.9780701754385965)
(0.14136125654450263,0.9868421052631579)
(0.1518324607329843,0.9868421052631579)
(0.16230366492146597,0.9868421052631579)
(0.17277486910994763,0.9868421052631579)
(0.17801047120418848,0.9912280701754386)
(0.18848167539267016,0.9912280701754386)
(0.19895287958115182,0.9912280701754386)
(0.2094240837696335,0.9912280701754386)
(0.21465968586387435,0.9956140350877193)
(0.225130890052356,0.9956140350877193)
(0.2356020942408377,0.9956140350877193)
(0.24607329842931938,0.9956140350877193)
(0.25654450261780104,0.9956140350877193)
(0.2617801047120419,1.0)
(0.27225130890052357,1.0)
(0.28272251308900526,1.0)
(0.2931937172774869,1.0)
(0.3036649214659686,1.0)
(0.31413612565445026,1.0)
(0.3298429319371728,1.0)
(0.3403141361256545,1.0)
(0.3507853403141361,1.0)
(0.3612565445026178,1.0)
(0.3717277486910995,1.0)
(0.38219895287958117,1.0)
(0.39267015706806285,1.0)
