(0.4031413612565445,1.0)
(0.41361256544502617,1.0)
(0.42408376963350786,1.0)
(0.43455497382198954,1.0)
(0.44502617801047123,1.0)
(0.45549738219895286,1.0)
(0.46596858638743455,1.0)
(0.47643979057591623,1.0)
(0.4869109947643979,1.0)
(0.4973821989528796,1.0)
(0.5078534031413613,1.0)
(0.518324607329843,1.0)
(0.5287958115183246,1.0)
(0.5392670157068062,1.0)
(0.5549738219895288,1.0)
(0.6073298429319371,1.0)
(0.6178010471204188,1.0)
(0.6282722513089005,1.0)
(0.6387434554973822,1.0)
(0.6544502617801047,1.0)
(0.7015706806282722,1.0)
(0.7225130890052356,1.0)
(0.7329842931937173,1.0)
(0.7539267015706806,1.0)
(0.7696335078534031,1.0)
(0.7801047120418848,1.0)
(0.8272251308900523,1.0)
(0.837696335078534,1.0)
(0.8481675392670157,1.0)
(0.8900523560209425,1.0)
(0.9057591623036649,1.0)
(0.9633507853403142,1.0)
(0.9790575916230366,1.0)
(1.0,1.0)
