(0.41361256544502617,1.0)
(0.4293193717277487,1.0)
(0.46596858638743455,1.0)
(0.4816753926701571,1.0)
(0.4973821989528796,1.0)
(0.5235602094240838,1.0)
(0.6178010471204188,1.0)
(0.6335078534031413,1.0)
(0.6492146596858639,1.0)
(0.6649214659685864,1.0)
(0.680628272251309,1.0)
(0.6963350785340314,1.0)
(0.7120418848167539,1.0)
(0.7277486910994765,1.0)
(0.7853403141361257,1.0)
(0.8010471204188482,1.0)
(0.8167539267015707,1.0)
(0.8324607329842932,1.0)
(0.8481675392670157,1.0)
(0.8638743455497382,1.0)
(0.8795811518324608,1.0)
(0.8952879581151832,1.0)
(0.9214659685863874,1.0)
(0.93717277486911,1.0)
(0.9528795811518325,1.0)
(0.9685863874345549,1.0)
(0.9842931937172775,1.0)
(1.0,1.0)
