(0.010471204188481676,0.9649122807017544)
(0.010471204188481676,0.9780701754385965)
(0.020942408376963352,0.9824561403508771)
(0.02617801047120419,0.9912280701754386)
(0.041884816753926704,0.9912280701754386)
(0.05235602094240838,0.9956140350877193)
(0.06282722513089005,1.0)
(0.07853403141361257,1.0)
(0.09424083769633508,1.0)
(0.1099476439790576,1.0)
(0.1256544502617801,1.0)
(0.14136125654450263,1.0)
(0.15706806282722513,1.0)
(0.17277486910994763,1.0)
(0.18848167539267016,1.0)
(0.20418848167539266,1.0)
(0.225130890052356,1.0)
(0.2513089005235602,1.0)
(0.2670157068062827,1.0)
(0.28272251308900526,1.0)
(0.29842931937172773,1.0)
(0.31413612565445026,1.0)
(0.33507853403141363,1.0)
(0.3507853403141361,1.0)
(0.36649214659685864,1.0)
(0.38219895287958117,1.0)
(0.39790575916230364,1.0)
