(0.0,0.4649122807017544)
(0.0,0.4824561403508772)
(0.0,0.4956140350877193)
(0.0,0.5087719298245614)
(0.0,0.5350877192982456)
(0.0,0.5526315789473685)
(0.0,0.5657894736842105)
(0.0,0.5789473684210527)
(0.0,0.5921052631578947)
(0.0,0.6052631578947368)
(0.0,0.618421052631579)
(0.0,0.631578947368421)
(0.0,0.6447368421052632)
(0.0,0.6578947368421053)
(0.0,0.6710526315789473)
(0.0,0.6885964912280702)
(0.0,0.706140350877193)
(0.0,0.7192982456140351)
(0.0,0.7412280701754386)
(0.0,0.7587719298245614)
(0.0,0.7763157894736842)
(0.0,0.7894736842105263)
(0.0,0.8026315789473685)
(0.0,0.8157894736842105)
(0.0,0.8289473684210527)
(0.0,0.8464912280701754)
(0.0,0.8596491228070176)
(0.0,0.8728070175438597)
(0.0,0.8903508771929824)
(0.0,0.9254385964912281)
