(0.0,0.013157894736842105)
(0.0,0.02631578947368421)
(0.0,0.04824561403508772)
(0.0,0.06140350877192982)
(0.0,0.07894736842105263)
(0.0,0.12719298245614036)
(0.0,0.14473684210526316)
(0.0,0.15789473684210525)
(0.0,0.17105263157894737)
(0.0,0.18421052631578946)
(0.0,0.19736842105263158)
(0.0,0.21052631578947367)
(0.0,0.2236842105263158)
(0.0,0.23684210526315788)
(0.0,0.25)
(0.0,0.2631578947368421)
(0.0,0.27631578947368424)
(0.0,0.2894736842105263)
(0.0,0.3201754385964912)
(0.0,0.3333333333333333)
(0.0,0.34649122807017546)
(0.0,0.35964912280701755)
(0.0,0.37280701754385964)
(0.0,0.40350877192982454)
(0.0,0.4166666666666667)
(0.0,0.4298245614035088)
(0.0,0.44298245614035087)
(0.0,0.4473684210526316)
